[STATE]
ORIENT=3 2400.000000 26.666667 31.025641 0.000000
ZOOMPAN=45 78 407 702
ZOOMWINDOW=1236.023076 0.000000 835.858528 -301.993114
LABELS=010000110001000000011111000000000010110000
SCALES1=0.029101
SCALES2=0.500000
SCALES3=0.100000
SCALES4=5.000000
SCALES5=0.000004
SCALES6=200.000000
SCALES7=200.000000
SCALES8=1.000000
SCALES9=1.000000
SCALES10=5.000000
SCALES11=1.000000
SCALES12=1.000000
SCALES13=5.000000
SCALES14=0.100000
SCALES15=0.200000
SCALES16=3.000000
SCALES17=3.000000
